1651491532672706660
1631349953648788540
1636997484168794467
1653337412920732782
1643340483669015179
1651988436901706584
1590126945832375763
1644584152593811577
1654597129177720079
1408274451679001214
1352060302669130521
1649179407191651661
1653344348547079563
1650104171968760806
1651732759529301915
1647823195082185789
1653945353302759975
1644686513516289592
1568228540297803464
1654451376024216531
1630787508956830830
1654868417684932232
1617166053858558471
1591603166004916029
1645863932102425797
1654196503176392190
1649348208943480923
1652096659366007739
1650874543584886406
1622485066349226421
1647213336419747665
1638895996498759096
1654266417962582539
1626280239046671503
1642192663740808471
1639523131406302466
1642262375977316850
1631665774672659366
1621356258464344742
1617107434324019673
1642337899562505806
1657310956088288168
1645277203933467114
1646774323551284045
1619001065138935965
1621071156924552283
1648058027930983372
1631176435871170580
1656583511261326525
1608685694981287506
1645006171852788161
1652244441798779662
